Accuracy: 0.7196909351601083
Recall: 0.6430693017492473
Precision: 0.7297669838174198
F1 Score: 0.6836805665133082