Accuracy: 0.1632149115819659
Recall: 0.10938959961466868
Precision: 0.10062253230503822
F1 Score: 0.10482307303342342