Accuracy: 0.7086984228134459
Recall: 0.6470774347543857
Precision: 0.7058327981668437
F1 Score: 0.6751792769238422