Accuracy: 0.6945196750039828
Recall: 0.6328600332590351
Precision: 0.6856474825504381
F1 Score: 0.6581970651027308